1 102622208
1009 21028864
1010 0
106 0
107 0
108 0
109 0
11 0
110 0
111 0
112 0
113 0
114 0
115 0
1158 425984
1159 3993600
116 0
1160 4096
1162 69632
117 0
1175 0
118 0
119 0
1190 1409024
1191 241664
1192 651264
1196 32768
1198 2260992
1199 86016
120 0
1200 425984
1201 397312
1202 102400
1206 253952
1208 335872
1209 151552
121 0
1210 5287936
1211 798720
1219 0
122 0
1229 0
123 0
1237 0
1238 0
1239 258048
124 0
1278 6811648
128 0
1282 25116672
129 0
13 0
130 0
13060 0
13138 0
13190 0
13200 0
13211 0
135 0
13721 0
1383 528384
1387 4714496
14 0
140 0
1418 94208
1439 958464
1454 3420160
1481 720896
1483 0
14884 131072
1489 148430848
1494 0
15 0
1542 364544
1547 57344
1550 372736
1552 0
1554 7118848
15712 0
15721 0
15722 0
16 0
1626 24576
1627 1642496
1632 7856128
1633 663552
1645 368640
1674 157065216
1685 917504
1686 5103616
17 0
17368 0
17370 0
17390 0
17391 0
17392 0
1748 36864
1754 20480
1755 0
1758 90112
1759 2105344
1782 90112
1783 3727360
1794 81920
18 0
1803 20480
18216 0
1822 888832
1829 45056
1832 1449984
1836 86016
1841 106496
1844 2318336
1845 2113536
1846 1462272
1847 663552
1850 57344
1853 32768
1855 40960
1858 2588672
1859 1667072
1860 69632
1861 2228224
1869 73728
1873 0
19 0
1935 16384
1979 999424
2 0
20 0
2001 13893632
2030 36864
2035 77824
2037 3801088
2043 32768
2060 602112
2068 327680
2074 106496
2098 102400
21 0
2105 438272
2109 8667136
2119 147456
2121 659456
2128 221184
2144 4595712
2145 16384
2172 1335296
22 0
2236 438272
2252 2031616
23 0
2378 2457600
24 0
2409 352256
2412 3272704
2423 24576
2427 1720320
2432 868352
244 0
245 0
250 0
2543 970752
2566 126976
2585 73728
2587 233472
2596 0
26 0
2603 991232
2617 368640
2682 2215936
27 0
2701 4628480
2762 8470528
28 0
2878 0
29 0
2912 5427200
2916 61440
2934 6540288
2936 2088960
2972 40960
2981 0
2998 0
2999 0
3 0
30 0
32 0
328 0
33 0
330 0
333 0
337 0
34 0
3473 0
35 0
3562 0
3570 0
36 0
3671 0
3672 0
3676 0
3750 0
3751 123904
3773 0
38 0
3836 0
39 0
4 0
40 0
41 0
42 0
44 0
45 0
46 0
47 0
48 0
5 0
50 0
507 0
509 0
51 0
510 0
511 0
512 0
513 0
514 0
515 0
516 0
517 0
518 0
52 0
53 0
54 0
56 0
561 0
562 0
57 0
58 0
59 0
6 0
60 0
62 0
63 0
64 0
641 0
65 0
66 0
68 0
69 0
70 0
72 0
73 0
74 0
75 0
76 0
77 0
78 0
79 0
8 0
80 0
81 0
82 0
821 0
822 0
823 0
829 0
83 0
84 0
854 0
855 0
94 66156544
971 282624
99 0
